

pal_blue <- c(
  "#0D1321",
  "#1D2D44",
  "#3E5C76",
  "#748CAB"
)

pal_greens <- c(
  "#00120B",
  "#35605A",
  "#6B818C",
  "#D8E4FF"
)

pal_pastel <- c(
  "#0a2d2e",
  "#1c4e4f",
  "#436e6f",
  "#6a8e8f",
  "#879693",
  "#a49e97",
  "#deae9f",
  "#efd7cf",
  "#f7ebe7",
  "#ffffff"
)
